1 720 803 4 456 675 371 805 362 310 83 339 320 181 169 722 990 30 8 770 426 21 322 121 116 526 868 8 753 985 441 204 267 906 885 422 442 163 79 92 912 876 
prime1021
2 664 586 90 242 917 694 686 954 920 800 615 711 236 247 910 164 124 807 639 60 1007 129 720 216 222 131 547 410 482 42 29 366 32 396 60 986 666 323 38 72 837 
prime1021
3 55 580 486 539 219 656 778 488 551 555 350 975 938 827 340 90 237 473 84 389 639 679 517 150 671 130 116 978 539 794 636 668 886 441 369 314 110 424 376 92 648 
prime1021
4 33 884 291 389 106 866 63 630 876 783 1007 799 902 363 715 241 223 30 487 747 650 55 163 675 280 26 176 348 39 487 13 424 745 775 652 74 45 998 591 489 44 
prime1021
5 717 576 646 876 61 912 586 1004 505 877 986 891 785 372 675 90 957 502 167 468 731 424 309 506 519 1 146 495 928 995 232 927 970 132 212 893 1000 619 168 780 802 
prime1021
6 184 776 650 21 588 382 308 213 90 230 729 938 223 329 902 131 251 871 506 928 573 890 585 400 816 237 466 331 47 108 302 407 880 309 394 335 441 924 634 482 615 
prime1021
